n1 <- 1000
n2<-1000
p<-50
umin<-0.3
umax<-0.8
rates.drop<-0.9
rates.connect<-0.1
m.pert<-5
diffmode<-3
